[metadata]
addr = 0x1d82
size = 0x1c6
last_change = 2023-12-12T19:30:07.215849Z

[stack_vars.-0x50]
last_change = 2023-12-12T19:30:07.215849Z
offset = -80
name = "v3"
type = "size_t"
size = 0x8
addr = 0x1d82
