[metadata]
addr = 0x15b1
size = 0x13f
last_change = 2023-12-10T08:13:37.899945Z

[stack_vars.-0x20]
last_change = 2023-12-10T08:13:37.899945Z
offset = -32
name = "num"
type = "unsigned long"
size = 0x8
addr = 0x15b1
