[metadata]
addr = 0x223d
size = 0x197
last_change = 2023-12-11T18:40:43.071772Z

[stack_vars.-0x150]
last_change = 2023-12-11T18:40:38.252548Z
offset = -336
name = "v6"
type = "void *"
size = 0x8
addr = 0x223d

[stack_vars.-0x158]
last_change = 2023-12-11T18:40:43.071772Z
offset = -344
name = "v5"
type = "char *"
size = 0x8
addr = 0x223d
