[metadata]
addr = 0x1f48
size = 0xf0
last_change = 2023-12-12T19:30:06.969007Z

[header]
last_change = 2023-12-12T19:30:06.969007Z
name = "main"
addr = 0x1f48
