[metadata]
addr = 0x50a0
size = 0x8
last_change = 2023-12-12T19:30:04.999128Z

[header]
last_change = 2023-12-12T19:30:04.999128Z
name = "__imp___cxa_finalize"
addr = 0x50a0
