[metadata]
addr = 0x1d82
size = 0x1c6
last_change = 2023-12-12T19:30:07.109725Z

[stack_vars.-0x10]
last_change = 2023-12-12T19:30:07.109725Z
offset = -16
name = "buf"
type = "void *"
size = 0x8
addr = 0x1d82
