[metadata]
addr = 0x10f0
size = 0xb
last_change = 2023-12-11T18:40:38.133155Z

[header]
last_change = 2023-12-11T18:40:38.133155Z
name = "__cxa_finalize"
addr = 0x10f0
