[metadata]
addr = 0x123e
size = 0xb0
last_change = 2023-12-10T07:08:40.995878Z

[stack_vars.-0x30]
last_change = 2023-12-10T07:08:25.363068Z
offset = -48
name = "head"
type = "long[6]"
size = 0x30
addr = 0x123e
