[metadata]
addr = 0x401d10
size = 0x65
last_change = 2023-12-12T19:59:23.730759Z

[header]
last_change = 2023-12-12T19:59:23.730759Z
name = "init"
addr = 0x401d10
