[metadata]
addr = 0x401c12
size = 0xf0
last_change = 2023-12-12T19:59:23.002733Z

[header]
last_change = 2023-12-12T19:59:23.002733Z
name = "main"
addr = 0x401c12
