[metadata]
addr = 0x401aa7
size = 0x16b
last_change = 2023-12-12T19:59:24.317243Z

[stack_vars.-0xa0]
last_change = 2023-12-12T19:59:24.317243Z
offset = -160
name = "v3"
type = "size_t"
size = 0x8
addr = 0x401aa7
