[0x3c8]
last_change = 2023-12-10T08:13:37.079071Z
addr = 0x3c8
name = "elf_gnu_hash_bucket"
size = 0x1

[0x6b4]
last_change = 2023-12-10T08:12:32.615093Z
addr = 0x6b4
name = "aFclose"
size = 0x7

[0x4148]
last_change = 2023-12-10T08:13:31.095797Z
addr = 0x4148
name = "__cxa_finalize"
size = 0x1
