[0x6b4]
last_change = 2023-12-10T08:12:32.615093Z
addr = 0x6b4
name = "aFclose"
size = 0x7

[0x3fe8]
last_change = 2023-12-10T08:13:37.666940Z
addr = 0x3fe8
name = "__gmon_start___ptr"
size = 0x8

[0x4148]
last_change = 2023-12-10T08:13:31.095797Z
addr = 0x4148
name = "__cxa_finalize"
size = 0x1
