[0x6b4]
last_change = 2023-12-10T08:12:32.615093Z
addr = 0x6b4
name = "aFclose"
size = 0x7

[0x4048]
last_change = 2023-12-10T08:13:31.075218Z
addr = 0x4048
name = "completed.0"
size = 0x1
