[0x6b4]
last_change = 2023-12-10T08:12:32.615093Z
addr = 0x6b4
name = "aFclose"
size = 0x7

[0x4160]
last_change = 2023-12-10T08:13:30.938772Z
addr = 0x4160
name = "_ITM_registerTMCloneTable"
size = 0x1
