[0x6b4]
last_change = 2023-12-10T08:12:32.615093Z
addr = 0x6b4
name = "aFclose"
size = 0x7

[0x3f70]
last_change = 2023-12-10T08:13:37.829301Z
addr = 0x3f70
name = "__stack_chk_fail_ptr"
size = 0x8

[0x4148]
last_change = 2023-12-10T08:13:31.095797Z
addr = 0x4148
name = "__cxa_finalize"
size = 0x1
