[0x6b4]
last_change = 2023-12-10T08:12:32.615093Z
addr = 0x6b4
name = "aFclose"
size = 0x7

[0x1220]
last_change = 2023-12-10T08:13:02.657791Z
addr = 0x1220
name = ".strtoul"
size = 0x1
