[0x6b4]
last_change = 2023-12-10T08:12:32.615093Z
addr = 0x6b4
name = "aFclose"
size = 0x7

[0x4030]
last_change = 2023-12-10T08:13:31.032953Z
addr = 0x4030
name = "stdin@GLIBC_2.2.5"
size = 0x1
