[0x6b4]
last_change = 2023-12-10T08:12:32.615093Z
addr = 0x6b4
name = "aFclose"
size = 0x7

[0x788]
last_change = 2023-12-10T08:13:37.208786Z
addr = 0x788
name = "aItmRegistertmc"
size = 0x1a

[0x4148]
last_change = 2023-12-10T08:13:31.095797Z
addr = 0x4148
name = "__cxa_finalize"
size = 0x1
