[0x6b4]
last_change = 2023-12-10T08:12:32.615093Z
addr = 0x6b4
name = "aFclose"
size = 0x7

[0x11f0]
last_change = 2023-12-10T08:13:30.692469Z
addr = 0x11f0
name = ".time"
size = 0x1
