[0x6b4]
last_change = 2023-12-10T08:12:32.615093Z
addr = 0x6b4
name = "aFclose"
size = 0x7

[0x3f50]
last_change = 2023-12-10T08:12:32.656839Z
addr = 0x3f50
name = "free_ptr"
size = 0x8
