[0x6b4]
last_change = 2023-12-10T08:12:32.615093Z
addr = 0x6b4
name = "aFclose"
size = 0x7

[0x779]
last_change = 2023-12-10T08:13:31.085561Z
addr = 0x779
name = "aGmonStart"
size = 0xf
