[0x6b4]
last_change = 2023-12-10T08:12:32.615093Z
addr = 0x6b4
name = "aFclose"
size = 0x7

[0x4128]
last_change = 2023-12-10T08:13:30.856066Z
addr = 0x4128
name = "strtoul"
size = 0x1
