[0x6b4]
last_change = 2023-12-10T08:12:32.615093Z
addr = 0x6b4
name = "aFclose"
size = 0x7

[0x1000]
last_change = 2023-12-10T08:13:31.064293Z
addr = 0x1000
name = "_init"
size = 0x1
