[0x6b4]
last_change = 2023-12-10T08:12:32.615093Z
addr = 0x6b4
name = "aFclose"
size = 0x7

[0x1160]
last_change = 2023-12-10T08:13:31.043522Z
addr = 0x1160
name = ".putchar"
size = 0x1
