[0x6b4]
last_change = 2023-12-10T08:12:32.615093Z
addr = 0x6b4
name = "aFclose"
size = 0x7

[0x1300]
last_change = 2023-12-10T08:13:30.742500Z
addr = 0x1300
name = "__do_global_dtors_aux"
size = 0x1
