[0x6b4]
last_change = 2023-12-10T08:12:32.615093Z
addr = 0x6b4
name = "aFclose"
size = 0x7

[0x4000]
last_change = 2023-12-10T08:13:31.023084Z
addr = 0x4000
name = "__data_start"
size = 0x1
