[0x6b4]
last_change = 2023-12-10T08:12:32.615093Z
addr = 0x6b4
name = "aFclose"
size = 0x7

[0x1349]
last_change = 2023-12-10T08:13:31.107285Z
addr = 0x1349
name = "error"
size = 0x1
